Result for strategy Scalping
============================================================ BACKTESTING REPORT ============================================================
|          Pair |   Buys |   Avg Profit % |   Cum Profit % |   Tot Profit USDT |   Tot Profit % |   Avg Duration |   Win  Draw  Loss  Win% |
|---------------+--------+----------------+----------------+-------------------+----------------+----------------+-------------------------|
|      DGB/USDT |      5 |           2.92 |          14.58 |             4.372 |           2.96 |        2:17:00 |     5     0     0   100 |
|     REEF/USDT |      4 |           2.53 |          10.13 |             3.039 |           2.06 |        1:59:00 |     3     0     1  75.0 |
|     GALA/USDT |      4 |           2.30 |           9.18 |             2.754 |           1.86 |        1:28:00 |     3     0     1  75.0 |
|      KNC/USDT |      3 |           3.02 |           9.05 |             2.716 |           1.84 |        0:58:00 |     2     0     1  66.7 |
|      KSM/USDT |      5 |           1.81 |           9.05 |             2.713 |           1.84 |        1:21:00 |     3     0     2  60.0 |
|      BCH/USDT |      3 |           2.89 |           8.66 |             2.597 |           1.76 |        2:09:00 |     2     1     0   100 |
|      MTL/USDT |      3 |           2.70 |           8.10 |             2.431 |           1.65 |        2:23:00 |     3     0     0   100 |
|      AXS/USDT |      5 |           1.48 |           7.42 |             2.226 |           1.51 |        2:02:00 |     4     0     1  80.0 |
|      ZEC/USDT |      2 |           2.98 |           5.97 |             1.791 |           1.21 |        2:44:00 |     2     0     0   100 |
|     KAVA/USDT |      5 |           1.18 |           5.92 |             1.778 |           1.20 |        2:12:00 |     3     0     2  60.0 |
|      SRM/USDT |      7 |           0.78 |           5.47 |             1.641 |           1.11 |        2:34:00 |     5     1     1  71.4 |
|      XEM/USDT |      6 |           0.91 |           5.44 |             1.632 |           1.10 |        1:58:00 |     3     0     3  50.0 |
|      CVC/USDT |      5 |           1.03 |           5.16 |             1.548 |           1.05 |        1:03:00 |     2     0     3  40.0 |
|     STMX/USDT |      2 |           2.02 |           4.03 |             1.210 |           0.82 |        2:19:00 |     2     0     0   100 |
|      ZEN/USDT |      1 |           4.01 |           4.01 |             1.203 |           0.81 |        2:27:00 |     1     0     0   100 |
|     MANA/USDT |      1 |           4.00 |           4.00 |             1.200 |           0.81 |        1:30:00 |     1     0     0   100 |
|      DOT/USDT |      1 |           3.99 |           3.99 |             1.196 |           0.81 |        2:36:00 |     1     0     0   100 |
|     EGLD/USDT |      2 |           1.60 |           3.19 |             0.958 |           0.65 |        2:47:00 |     2     0     0   100 |
|     UNFI/USDT |      4 |           0.73 |           2.92 |             0.876 |           0.59 |        2:04:00 |     3     0     1  75.0 |
|      YFI/USDT |      3 |           0.97 |           2.91 |             0.873 |           0.59 |        3:15:00 |     2     0     1  66.7 |
|     DUSK/USDT |      5 |           0.51 |           2.53 |             0.758 |           0.51 |        1:54:00 |     3     0     2  60.0 |
|    MATIC/USDT |      3 |           0.71 |           2.13 |             0.638 |           0.43 |        2:20:00 |     2     0     1  66.7 |
|     ATOM/USDT |      2 |           1.06 |           2.12 |             0.636 |           0.43 |        1:40:00 |     1     0     1  50.0 |
|      ADA/USDT |      2 |           1.06 |           2.12 |             0.636 |           0.43 |        1:27:00 |     1     0     1  50.0 |
|      LTC/USDT |      2 |           1.06 |           2.12 |             0.636 |           0.43 |        1:47:00 |     1     0     1  50.0 |
|     SAND/USDT |      1 |           1.61 |           1.61 |             0.482 |           0.33 |        2:47:00 |     1     0     0   100 |
|      ONT/USDT |      1 |           1.57 |           1.57 |             0.472 |           0.32 |        2:47:00 |     1     0     0   100 |
|      ETH/USDT |      2 |           0.66 |           1.31 |             0.394 |           0.27 |        2:47:00 |     2     0     0   100 |
|      OMG/USDT |      2 |           0.58 |           1.15 |             0.345 |           0.23 |        1:31:00 |     1     0     1  50.0 |
|      MKR/USDT |      3 |           0.32 |           0.97 |             0.292 |           0.20 |        1:59:00 |     1     0     2  33.3 |
|      XMR/USDT |      3 |           0.30 |           0.91 |             0.273 |           0.19 |        2:31:00 |     2     0     1  66.7 |
|      FTM/USDT |      2 |           0.18 |           0.36 |             0.109 |           0.07 |        2:20:00 |     1     0     1  50.0 |
|      TRB/USDT |      3 |           0.08 |           0.25 |             0.076 |           0.05 |        0:44:00 |     1     0     2  33.3 |
| 1000SHIB/USDT |      3 |           0.08 |           0.24 |             0.073 |           0.05 |        1:27:00 |     1     0     2  33.3 |
|      GRT/USDT |      3 |           0.08 |           0.24 |             0.072 |           0.05 |        1:41:00 |     1     0     2  33.3 |
|      FIL/USDT |      3 |           0.08 |           0.24 |             0.072 |           0.05 |        0:54:00 |     1     0     2  33.3 |
|    STORJ/USDT |      4 |           0.06 |           0.23 |             0.069 |           0.05 |        2:10:00 |     1     0     3  25.0 |
|    SUSHI/USDT |      2 |           0.09 |           0.18 |             0.055 |           0.04 |        3:08:00 |     1     0     1  50.0 |
|     IOTX/USDT |      1 |           0.14 |           0.14 |             0.042 |           0.03 |        2:47:00 |     1     0     0   100 |
|     IOST/USDT |      1 |           0.03 |           0.03 |             0.009 |           0.01 |        2:47:00 |     1     0     0   100 |
|      BTC/USDT |      0 |           0.00 |           0.00 |             0.000 |           0.00 |           0:00 |     0     0     0     0 |
|      SOL/USDT |      0 |           0.00 |           0.00 |             0.000 |           0.00 |           0:00 |     0     0     0     0 |
|      XRP/USDT |      0 |           0.00 |           0.00 |             0.000 |           0.00 |           0:00 |     0     0     0     0 |
|     AVAX/USDT |      0 |           0.00 |           0.00 |             0.000 |           0.00 |           0:00 |     0     0     0     0 |
|      EOS/USDT |      0 |           0.00 |           0.00 |             0.000 |           0.00 |           0:00 |     0     0     0     0 |
|     AAVE/USDT |      0 |           0.00 |           0.00 |             0.000 |           0.00 |           0:00 |     0     0     0     0 |
|      XTZ/USDT |      0 |           0.00 |           0.00 |             0.000 |           0.00 |           0:00 |     0     0     0     0 |
|      UNI/USDT |      0 |           0.00 |           0.00 |             0.000 |           0.00 |           0:00 |     0     0     0     0 |
|      ZIL/USDT |      0 |           0.00 |           0.00 |             0.000 |           0.00 |           0:00 |     0     0     0     0 |
|    THETA/USDT |      0 |           0.00 |           0.00 |             0.000 |           0.00 |           0:00 |     0     0     0     0 |
|    1INCH/USDT |      0 |           0.00 |           0.00 |             0.000 |           0.00 |           0:00 |     0     0     0     0 |
|      VET/USDT |      0 |           0.00 |           0.00 |             0.000 |           0.00 |           0:00 |     0     0     0     0 |
|     DASH/USDT |      0 |           0.00 |           0.00 |             0.000 |           0.00 |           0:00 |     0     0     0     0 |
|      REN/USDT |      0 |           0.00 |           0.00 |             0.000 |           0.00 |           0:00 |     0     0     0     0 |
|      RLC/USDT |      0 |           0.00 |           0.00 |             0.000 |           0.00 |           0:00 |     0     0     0     0 |
|    OCEAN/USDT |      0 |           0.00 |           0.00 |             0.000 |           0.00 |           0:00 |     0     0     0     0 |
|      SFP/USDT |      0 |           0.00 |           0.00 |             0.000 |           0.00 |           0:00 |     0     0     0     0 |
|      BLZ/USDT |      0 |           0.00 |           0.00 |             0.000 |           0.00 |           0:00 |     0     0     0     0 |
|     ANKR/USDT |      0 |           0.00 |           0.00 |             0.000 |           0.00 |           0:00 |     0     0     0     0 |
|      FLM/USDT |      0 |           0.00 |           0.00 |             0.000 |           0.00 |           0:00 |     0     0     0     0 |
|      BNB/USDT |      3 |          -0.04 |          -0.13 |            -0.038 |          -0.03 |        2:46:00 |     1     1     1  33.3 |
|      ETC/USDT |      2 |          -0.09 |          -0.17 |            -0.052 |          -0.04 |        2:38:00 |     1     0     1  50.0 |
|     KLAY/USDT |      3 |          -0.20 |          -0.61 |            -0.183 |          -0.12 |        2:49:00 |     2     0     1  66.7 |
|      ANT/USDT |      2 |          -0.44 |          -0.89 |            -0.266 |          -0.18 |        1:38:00 |     1     0     1  50.0 |
|     CELO/USDT |      4 |          -0.41 |          -1.64 |            -0.492 |          -0.33 |        1:02:00 |     1     0     3  25.0 |
|      C98/USDT |      4 |          -0.43 |          -1.73 |            -0.520 |          -0.35 |        1:18:00 |     1     0     3  25.0 |
|     HBAR/USDT |      2 |          -0.90 |          -1.79 |            -0.538 |          -0.36 |        2:38:00 |     1     0     1  50.0 |
|     BAND/USDT |      1 |          -1.87 |          -1.87 |            -0.562 |          -0.38 |        3:01:00 |     0     0     1     0 |
|     LINK/USDT |      1 |          -1.88 |          -1.88 |            -0.564 |          -0.38 |        1:41:00 |     0     0     1     0 |
|    WAVES/USDT |      1 |          -1.88 |          -1.88 |            -0.564 |          -0.38 |        0:05:00 |     0     0     1     0 |
|    ALPHA/USDT |      1 |          -1.88 |          -1.88 |            -0.564 |          -0.38 |        0:13:00 |     0     0     1     0 |
|      ATA/USDT |      1 |          -1.88 |          -1.88 |            -0.564 |          -0.38 |        0:28:00 |     0     0     1     0 |
|      RAY/USDT |      2 |          -0.94 |          -1.88 |            -0.564 |          -0.38 |        1:48:00 |     0     1     1     0 |
|      LPT/USDT |      1 |          -1.88 |          -1.88 |            -0.564 |          -0.38 |        1:21:00 |     0     0     1     0 |
|      TRX/USDT |      1 |          -1.88 |          -1.88 |            -0.564 |          -0.38 |        2:14:00 |     0     0     1     0 |
|     NEAR/USDT |      1 |          -1.88 |          -1.88 |            -0.564 |          -0.38 |        1:49:00 |     0     0     1     0 |
|      CRV/USDT |      1 |          -1.88 |          -1.88 |            -0.564 |          -0.38 |        0:32:00 |     0     0     1     0 |
|     COMP/USDT |      1 |          -1.88 |          -1.88 |            -0.564 |          -0.38 |        0:10:00 |     0     0     1     0 |
|      ENJ/USDT |      1 |          -1.88 |          -1.88 |            -0.564 |          -0.38 |        0:28:00 |     0     0     1     0 |
|      BAT/USDT |      1 |          -1.88 |          -1.88 |            -0.564 |          -0.38 |        0:06:00 |     0     0     1     0 |
|      ICX/USDT |      1 |          -1.88 |          -1.88 |            -0.564 |          -0.38 |        0:28:00 |     0     0     1     0 |
|      HNT/USDT |      1 |          -1.88 |          -1.88 |            -0.564 |          -0.38 |        0:13:00 |     0     0     1     0 |
|      CTK/USDT |      1 |          -1.88 |          -1.88 |            -0.564 |          -0.38 |        2:05:00 |     0     0     1     0 |
|     ARPA/USDT |      1 |          -1.88 |          -1.88 |            -0.564 |          -0.38 |        1:38:00 |     0     0     1     0 |
|      BTS/USDT |      2 |          -0.94 |          -1.88 |            -0.564 |          -0.38 |        2:49:00 |     0     1     1     0 |
|       SC/USDT |      1 |          -1.89 |          -1.89 |            -0.567 |          -0.38 |        1:15:00 |     0     0     1     0 |
|     QTUM/USDT |      1 |          -1.89 |          -1.89 |            -0.567 |          -0.38 |        2:58:00 |     0     0     1     0 |
|      NEO/USDT |      1 |          -1.91 |          -1.91 |            -0.574 |          -0.39 |        1:37:00 |     0     0     1     0 |
|     DOGE/USDT |      1 |          -1.91 |          -1.91 |            -0.574 |          -0.39 |        2:19:00 |     0     0     1     0 |
|      BAL/USDT |      2 |          -0.98 |          -1.97 |            -0.590 |          -0.40 |        2:18:00 |     0     0     2     0 |
|     RUNE/USDT |      5 |          -0.50 |          -2.51 |            -0.754 |          -0.51 |        1:43:00 |     2     0     3  40.0 |
|      LRC/USDT |      3 |          -1.04 |          -3.11 |            -0.933 |          -0.63 |        1:27:00 |     1     0     2  33.3 |
|      LIT/USDT |      3 |          -1.09 |          -3.28 |            -0.984 |          -0.67 |        1:31:00 |     1     0     2  33.3 |
|      XLM/USDT |      2 |          -1.88 |          -3.76 |            -1.128 |          -0.76 |        0:53:00 |     0     0     2     0 |
|      ONE/USDT |      2 |          -1.88 |          -3.76 |            -1.128 |          -0.76 |        1:14:00 |     0     0     2     0 |
|      RVN/USDT |      2 |          -1.88 |          -3.76 |            -1.128 |          -0.76 |        0:26:00 |     0     0     2     0 |
|     ALGO/USDT |      3 |          -1.26 |          -3.77 |            -1.131 |          -0.77 |        2:17:00 |     0     1     2     0 |
|       AR/USDT |      6 |          -0.90 |          -5.39 |            -1.618 |          -1.10 |        0:42:00 |     1     0     5  16.7 |
|      TLM/USDT |      3 |          -1.88 |          -5.64 |            -1.692 |          -1.15 |        0:30:00 |     0     0     3     0 |
|     CTSI/USDT |      4 |          -1.88 |          -7.53 |            -2.259 |          -1.53 |        1:28:00 |     0     0     4     0 |
|         TOTAL |    198 |           0.29 |          56.75 |            17.026 |          11.53 |        1:48:00 |    90     6   102  45.5 |
========================================================= ENTER TAG STATS ==========================================================
|   TAG |   Buys |   Avg Profit % |   Cum Profit % |   Tot Profit USDT |   Tot Profit % |   Avg Duration |   Win  Draw  Loss  Win% |
|-------+--------+----------------+----------------+-------------------+----------------+----------------+-------------------------|
| TOTAL |    198 |           0.29 |          56.75 |            17.026 |          11.53 |        1:48:00 |    90     6   102  45.5 |
===================================================== EXIT REASON STATS =====================================================